6666. ’ 666

6656566 566565 5566666 6666 6656 6666 66666666 666556 665 656. 66 6556. 6666 . 6

66666 6666 17. 656666 6566666666 666 6666 666666 6666556166 66 66 6666 5666 666 56 ’

66666 66 666 6666 12 665566 66 w. 666 66656 665 5656666666 666 5666 5666566 ·

666 666 56666666 Quod vero miraris, eur nou dederim 66 te literas.

μ

65566666. lx 556 56655 56. 6566665555 6656· xvmm
· 6665655555. 55

Qu 5656566 &aton 666 56 665666 5666566656 615656 66 5656666666
56 665666 ,6656666 6565 66566 66656666 6666656665 666 6666665666
665 566666 66655 56666 666 5666666655 6666666666 5656666666 66
- 56666666. 6666665666 56666 666 6656 655666 556556 665 566 56 65666 66·
56666, 66666 6566666 66, 6666666 666 6666566666 56 666 5556656666 6666
666 66666 56666 65666 666 8665656666. 5666 656 6656666 6666 ¹
66666 66656666, 66656 566 6666566666 665666 6656 0666656 56 666
66566 5566665 656666 66 56566666 566 66656 666666 65666 6656665666
66, 66656666 6666656566 666 66666666 666666. ’

566 6666666666 656 656 566666 666 66656566 656565 666666 56 656
66566 666 666 werf 66666666 6666666 666 5566565 6666 6665556666
666. 566 6666 66555 65666 56666 66566666 6666 5566666666 56666
6566666 565, 66666666 6565666566 66566666 665 66 56 56566 6655

666656 666666. 556656 666566 666 66666666 566 5656666 5656566666 ἰ 1

666 6565566 6666666 556666 56666 655666, 666 615666 655 6666 56566

6666565666 6666 6666 65666 6156666 66555, 666 566565 666 56666 '

666 6566 6666 65666666 566 6666 (65666666 666 666 666 55566·
666 66566666 6666666666 5666666 666666 55666 6666666 666 gc·
{nouaclness 666666. 5566 6566666 6666666666 65666666 6666 655· ¹
[a 566 66666656 6666 656 6655666 656 6666 66666 6666 666666 ‘mom

6656 656 66666 65666) 665 556 556 6666666666 5615666 5666666 665 556 ·

566 5566665666 666 6566666666 65666 66665 566665 6656 655666Ι 6656666666
666 6666 66665666. 656 6656666 66665 6666 56666 56566 566666 66666
666 666 66666 666666 56666 6666665566, 66566, 665 66 556 (6666 6
65666566, 6666 665666. ›

5556 6666666666 666 6665 666 56656 665666 666 666 0666666666

666 666666 6666 66555666 6666666666 66 6655666666 3656 flu 66666, ·

6666 566666 666 56666566 666 66515666, 56666 66 565666 666 56566.

66 6666 66 66661656 666 666666 ‘mom 665 ,566 656 6566656566 5666 ¹ .

66 6666666666, zela 66666666 ’

66. 11. . 10

 

