- 152³. ’ » [111
111111 - 1111111111.

11111111111111111111111 ’ 7

111111 111111111111111111111111 11 1111111 s 11111111 J ’

11111 11111111111111111111 11111111111111111111111111111111111111111 ·
1111 11111111 61111 11 &Atyn 111 1111111 11111111111111 1111111111111
11111111 1111111111 11’. ete 1111111111 11111111 1111 1111 1111111111 111
611111 1111111111 11111111 111 111 1111111111111161111111111111111

[1111111111111111111111111111111 111111131111111111111111111111111 =

11111111 11111 11111111 1111 11111 6111111111 1111111 111111. 11111111 1111111111
1111111111111111111111111 11111111 111 1111111111111 11111111 11111111·
1111 6111111111 111 11111111 11 11111111111111111111111 111111. 6. 111111 11.
111 111111 XV, 25⁵0. 11111. 111. 1. 1 11111. uo? ccccmv.

, -ι-

111111 11111111111111111111111111111111 11111111 11111, 1. 11. 1111
1111111111 1111 111111 1111111 xv. ὅ. 1101. 111111111111 111111111111111
1111. mmm. lxv. 111· 11111 111. 1111111. 11. 311. 1111111111. 111.
111 11111111 11111 fid> 1111 111111. 111. 11111111 11111111 1111 111 1111 11111111

6111111111 1111111 11111. 111111111111111 1111111111

111111111111111111 11111 1111111111 Q, 1. Θ. 11 1111111111 111
111 1111 11111 1111111111111 1111111111111. 11111611111111111
111111 111 11111111111111 1111111111111111111111 11111111111111
1111111 111 111 1111111111111111 1111111111111111111111111111
11111 111111 1111111111 11111111 111 1111111 111111111111111111111
11111111111111111111111111111 111 1111111 1111111 111111151-

11111111 111 11111111 11111111 181111 111 111111’11111111111111 v

11111111 1111111 1111111111 1111111111 &chawent 11111111 111 ,
11111111111111111111111111 11111111111111111111111111111
11111111111111 111111111111111111 11 11111 111111 1111111 6111111

111 111 111111 1111 1111111 111111 11111· 1111111111 1111111 111 -

1111111111111111 111 1111111111 1111111111 11111111111111111

111111111111111111111111111111111111111 11111111 1111111111 11 “ -

11111111 1111 11111111 1111 1111 11 11111111 111111111111111.
1111 111111 1111111111111 6111111111 1111111111 1111111111

611111 111 1111111111 111111 111111 111 11111111 1111111 1111 1111 .
11111111111811111111111 8111 1111 1111111111 1111111111 11111111 ·
11111 1111111111 11111111 1111 111 1111111 11111111111111111.1

1111. 11111. 111 1111 (11111111 1111111111 11 1111111111111111111·
1111 1111111 11111111111111 111 1111 111111 11 1111111111 11111 1

 

