⁴ · 111 1111. ’

· 1111111111 ’1111111 111111 111111 111 1111111 111111 0111111111

11111111111111111. 111111 11111 111-11111 111111 11111 11111111
1111 11111 1111111 1111111111 11111111 1111111. 1111 1111 1111111 1111
11111111 11111 11111 1111111111. 11111 11111 11111111 1111111111

, 1111111 1111 1111111 1111111 1111111111. ¹

y 1111111111 111. 11111 11111111 11111 1. 1111111 1111111111
1111111 11111 11111111 111 11111111 111111 1111 111 611111. 1111

. 111111 1111111.1.1111111 1111111111 111 111111111 11111 111111
¹ 111111111111 11111 111 1111111 1111111 111 111111111
11111111 11111111111111(111111.11111.)1 11111111111111
, 011111 11111111 1111 111 8111 1111111111 111 111 11111111 111111
1111 11111111111 111 1111 1111 1111111111111111111111111111·

’ 1111. 1111111111111 11111111 111111111111111116111111111111

11 11111 111 111 11 1111 1111111 (11111111 11111 111111 1111 111111
111111 11118111111111111111111. 11111 1111111111 1111111. 1111111
1111 11111111 111111111111111111111111 11111 111 1111 1111111111

’ · , 111111 numentanorum& 11 1111 1111111 1111111 11111111

1111111111 11 111111.

’1111111111 1111 11111111 1. 11. 11111 1111111111111 1111111
· 111111111111111111111111111111111111111111111111111
’ 1111 11111111 11111111. 11111 11 1111 1111111111 1111 111111 1111111
11111 11111 1111 11111111 11111 1111111111 11111 1111111111.
0 111111 111111111111111 11111 1111 1111 11101111111111111111

’ f 611111 1111111111 1111111111 111111 611111 111 111111 1111111

111111111111111111 111 11111111 1111111 1111 6111111111 111111
11111111111111111111 11 11111 111 1111111111 111111111111111
111 1111111111 1111111 11111111 (1111111111111111 1111 11111111
131111 11101111 1111111111111111 1111Θ111111111111111111111.
111 11111 1111.11.111111111111 111 111 11111111111111 1111111111
111111111111111111111 11111111 111 11111111 111 11111111 11111111
1111111 1111111 111111111111111. 1111111 111 11111· 111 11111111 111111
, 11 111 111111 111 11 1111 111111111111 111. 11111 11111 11111111
111111 111 11111111 11111111 1111311111111111111111111111 1111111111
111 11111 111 1111 111111 11111 1111111 1111 1111111111 11111

1111111 1111.- 1111 11. 111111 1111 11111 1111111111 11111111
1111111111111111111111111111111111111111111.0.11111
, 111111 1111 11111 111111 111111 11111 1111111111 1111111. 1111

11111111. 111. ¹

 

