‘159 ,Β 1111·
1191111ἶ ’ . ’1111111111

.’ 1111311119111911.14

911· 111111 1111111 111 111 1111 9111119111 11111 91111111 11111111 11111911 1 '

11111191111111111 9111.

m

11111111.11111Ἲ.11111.111.11111111111111131 11111. 1111121
911111111- 111 ·

191111111111111111119 111111111911111 1111111 31911111 11111111 ’

{gaoris 1111111111 1111111111 111111 1119 9111911911
111111.

631111 119 1111191111 99111111 919 911111 111111 111111 1111111111 Ι
19111. 1111 9191911111 111111 11111111 111 9111 111111811111111111 11111
11111 91191111111111111 11111 1111191111 1111 1111111111 1119111111 1 ·

111111. 911911111111111111911911111111191111111 11111111 111 ,
9111111111 1111111119 1191111111111111111911 1111111 = 3

1111191 91911111119111111 111111 11111 1111 111111 111111 1111911111 ,’

1119 111191911 111 1111111 61111111 911 111 111911111111111911111 ’

11111 1111111111 11119 111 1191119111 11111111 1111. 1119 1111111 1111 111111
911111 1111119 111111 911111911111119111111111111111.1111111111·

91111111119191111111111111111111911911919111111111111111 ’· .

119 1111 119 1111111111 11 111 11119 11111 11 1111111 1111 119 1199111111 ,
91111 11 91111 1111911111.

’1111 1111 1111 19111111 1111111111111111111111111111 1111 99· ⁴

1111119111111111111 111 11111 1111119111111111 11119 1111111111 1111 .

11 111 (1911119111111.)1111 91111111 (311111119111 11.) .

11111. 9911111 1111911 11 111 111111111911111111111111 11111111 -

911111 11111 1111111111 1119911111 1111 1111111111 11 111 111111 111
11111 1111 9111111111 1111 11111111 1111 91111119 1111191 1119 11111111
1111111111 111111911111111119111111111 11111111111111111191 1911111 ’

119 1119 11111 911111 111911 911 11111111 1111111111 11111111 11111 ’

111191 1119111111 111 111111 9111191111 1119 911111 611111 1111111111
11111 1119111111 1111911111 111191 1111. ,. s

91111199111111111111101111,11111111111111111111111111 ·
19111111 11911119111111199611 111111 11191 1111911111 11119 11119 ·
1111111111· 1111111111 11 911 1111111111 111 11111111 111111 11911
111119 91 1911111191. 11111111 111111 1111 1111 111 1111111911191111111

 

