’11 . 1111. ’

111111111111111111111111. 1111 1111111111111111 1111111111
1111111 11 111111111111111111111111 1111 11111111 fit 11111 11
11111111 111111 1111111111 1111111) 1111 1111 111 1111111111
1111 11 111111 1111111 11111111 11 1111111 111 (1111111 111 111111
1111111111111111111111111111111. 811 11111111 1111111111· 1
11111111 111 1111111111111111 1111) 111111 111 11 1111111111 1
111111 11111111 1111111 111 11111111 1111111 1111111111
111111 11111. 11111 1111111 11 1111 1111191111. 111111 1111111
1111111111111111111111 1111111 111 111 11111111111
1111111111 111111111111111111111111111111111
’1 111111111111111111111111111111111111.11111111
’ 1111111111111111111111111111111111111111111·

1 1111111111111111111111111111111111111111111

1111111111111 1111111 11111111111 1111 11111.

111111111111111111111111 11111111 111 11111111111111111· ,
1111 111 1111 1111111 11111111 1111111111 1111111111 8111111111
(11111111111111111 111 1111111 11 111 1111111111 11 11111111 1111
111111 11 1111111111 111111 111 111 1111111111 11111. 1111111111

’ , 111 1111 11111111111111111111 1111111111111 11111111111111111

611111111111111 1111111. 11111

1111111 11111 1111 1111 11111 111111 11111111 111 1111111111
1111111111 1111111 111111 1111 111 11111 Θ. 111111 111. 11 11. ¹
111111111111111111111111 1111 eud) 111111111 11111

, 1111111111111111111111111111111111111111111111

111111111111111111111111111111111 1111111 1111·
1111111111111 1111111111 11111111 11 1111111 111111

· ,1111111 8111 (1111111 11. 11111111 111 1111 1111111111111111111·
, 111111 ³) 1111111 111111161111111 111 11111 1111 11111 (111 11111

ι11111111) 111111 111 111111 11111111111111 111 111 11111 111111.
1111111 1111 1111111 111 111111 11 1111111111 111 111 1111111 1111
111 11111 11111. 1111111111 111 1111111111 111 11111 zaben 11111·

¹ 1111111111 1111 1111 11111 111 11111 1111 11 111111111111111 111111

111 111111111111 11111 111111 1111111111111 11111 111111 11111
1111111 11111111 11 1111111111 &adnm 111 11111111111111111
1 1111111111 1111111111 111 11111111 11 111111111111111111 111 111111
11111111 11111111.

W

11 11111111. 2) 11. 1 1111111111111. 3) 1116111111111111111.

 

