1555 ’ 555 ’ .
555 5555555. 5555 855555 5555555555. 5555555 595 55· 55 5555555555 ¹
555555 555555 555 55555 555 555555 555555555555555 ’555 5555 55555555 ’
55555555 555555 ,555 5555555555 5555 5555555555 55555555 9555 55555555

5555 5555 5 5 5555 55555 6555555 555 5555555 55555555 555 555555
5555555555 5555 55555 5555555 5555 ,, , J ’

Deba 55 5555 55 5555555 5555555555 55 5555555555 555 555 55555·

555555555555 5555555555. 5555 555 555 15555555 555 555555 555 mei·

55555 5555555 55555 5555555555. 5555 555 555 5555555 5555555 555555 ”

5555 5555 5555555555 555555555, 55 55 55555 55555 5555555 555
5555 555 5555555 5555555555555 55955 555555 55555555 55555 55555555
555 5555 555555 555555. ·

wie 5555555 555 5555 555 55 55555 55 5555 5555 55555 5555 555
8555- 55555 m 5555555555 55555 5555 55 5555 zeum 555 5555
55555555 55555555 55535555 555 5555 555555 555555 55 motum 5555
55 55555555 5555555555, 5555 55555 555 55555 555 5555555555
&timna 555 5555555 55555555 5555 55555555 5555 555 5555 55555555
55555 555555 55 555555 5555555 555555 55 5555 55555 55 5555555555
5555555 55555555 555555 55555 mi} 5555 555 5555 5555 555 5555555.
555555 555555· 5555 555555 55555 555 555555 5555 555555 5 555 5555 5555
55555555 5555 55555 85555 53555555 555555 559555 5555 55555 5555555955

555 555555 5555555555 555555 555 55555555 55555 555 55555555 fou* ’

65. tetrus 555555 (5 5555. 3 55.)
5555 555555 555555 555 55 555 55555 5555 5555 555 555 9655555555.

555 555555 555 55555 555555 555 5555555555 55555555 555555 5555. 55555 ’

55555 5555555555555 5555551555 5555 555555 5555555555 5555 555555 5555 ,
55555 55555 5555555 5555 5555555 55 5555555 555555 ,55 55555555 55555.’
ὗε 5555555 5555555 555 55 5555 55555 55555555 5555 ,55555555 5555 5555

55555555555555555555555 55555555. 5555 55555 5555555555 5555555 ,
55555 5555 555 55555555 55555 55555 5555 555 5555555 55 5555555 555
55555 5555 55555555 5855555 55555 55 555 5555 5555555 55 5555 555 55555
555555 55555 55555555 55555 5555 5555555.

5555 5555555 5555 55555555. 5.(55 5555 55555, 55 55555 55 555 . ¹

555 555555 5555 55 55555555 55555 55555 5555555 55555 55 55555555 55555·Ι .

5555 55555555 5555 555555 55. 55. 55. 5555 5555 555555 555555 55555
55555 555 5555 555 555555 55555 555555 555 5555555595 555555 5555 555
555555 5555 5555555555 5555555 555 555 55555 555555 555555 555555 .
5555 5555555 55555 5555 5 555555 5555 went} 555 55555555 555 55 5559 ,
55555555 5555555 555555 555 55555555 555 55555 55555 55555555 559

55555555 5555555555 555 555 5555 55 555555 55 5 55555 555 55555 “

 

