9500. 599

9099999 6900099000 99 999 900909 99990900900999999 90009 9999999 599 950999
909 990 999990 90 0099990· 99909 00999909999999 099999. 0999909009
twa 9099 99009099 900 90 9909 0909990009 999990. 90999009. 11 5. zen 11. 559.
Qut. 99. 553 999990οΗ1] 9.90 99999. xlx 535. 9009905095 9999909999
99 000 6009009000 095 ops sopoeus, 990000 909090 11. p. m Vlteb. '
VH. 506

Dm ὒο9099009909900000 690099099οη90 ,9090099 000 009009
&m 9090009099 009 99099 9909990 00990009 090 30·
90099009) 09990090 90 69990990. 5000090990 099 5009900999.

0990 0990090909οη 90 0909999990 09090090 0099099090 699900· ’

&aab 9000 999900 90 009909 00900 ’099990 9999009. 9909 09099

9099 09999909 009 9099900 9999999 909990 999099 0909090090 009 fich 999
809009 0009090 9909 0099 ’09999 999999 9900090 9099900 0099 009 99000
900 90999909 99900199 09 009 09009 909990 9990. 000999 099 099 9099
99909 80000900 90999 9999000 0999990 000 9990900 000 009 0090 999 ·
009 09999 0999999 999999 9000 00099099. 9009 09099 990 0909 99090 00 ,
90909050. 99990 that 00 90 009990 00 009 0990099990 9099 09090.
90 990 0099 90099 0999 999 0900990900 00 ’00000 090 990000 000
09990090 999009 9999 95909999 099 000999 099 0999900900 090 090099·
999. 990 909 099909 999900 999099 99099 09 9099990 9099909ιο 000 990900
9999099 9090 009 000099 990 00999 9099 59999 000 &etant 099 009
000 50009 099 09 009 0999 09999 699909 0090990099 099 090 990·

990 090 0000990900 9909999990 0990909.Ι 00 990900 0990900 909. 0999 -

00999 99 9909 00909 09909 900 0000 90 999001 099 ’99 909 0909909900
mort 099999 999. 09999 09 00090 090 09 0999999 0000909 90.’ ’ 990 000990
99 009 00909 5999990 99099900 009 9009999 0099 990 99009 09. 000

90999909 0099 0990999 0990999009 9000900900 90999990 9000 ’9909990909 ·

0999009909 000 0099900099 099 099 0000009090. 99990 99 0099009
99099099 090 00990 5090 90000 99000 00990999 09 9,· (9. 2. 9. 5.)':

5009990909 90990 099 009900) 9909 099 9099999 0909990 99 ’

000009. 9099 ,99000909 909 999090 990000 [909 0009 0090 090
9009900 9099090900 9099 99009999) 099090 0999 009090 .
99900 999000 0990999999. 99909 099 909 99099 009 9099.
9999909 9090 000 090 9090· 900009 9900 9000 0900 99 099
900 90990 909 99909. 009 9999999ιο 909 (99909999. 69 09999 99
0900999909 09000 9909090 99000990 9900009 0900. 9900 99 9990009 0909
99 900900 0990 90 999 99900 099099 99990 00990 09090. 09099 9009 99
,99999099 900 99999999. 90999 90000 00900999 999 990 90099909

9999 &it 900 9000990 09009099.

 

