555, ’ ”·5’555.’ ,
5555555555, - ' , Naum
⁸ ι’ χ555 555 5555555555 55 55555555.ι

5. 55555555 555 55 5555555 5555555555 5555555555 mit 555 sirmeum·
5555, 555 55 555 5555555 5555515555 5555555 55555 555, 55555555 osorem 55555555
55 55555555 et 5555555555 55555 5555555555 55555 555 5855555555 5555 m 5555555555
5555555 55555555. , ’

mie 6555555 55555555 55555 5555 555555 5555555 5555 sentinet 55
55555. 5555555555)55555555555555555555555555555555555. mn
55555555555 5555. 65555555 55555555555555555555 Sea. 112ss 555
5555. 11 355 55555 xm 555 55555555. 5555 5555 55555555 5555551 ssim
5555. lx 555. 55555 55555 555 55555 5555 5555 555555 5555555.

’ 515 55555555 Ecclesiastes, 555555 (55555555 bet &mm 55
55555555 5555555 555555 6555555 5555 85555555 m 555555
555555 555 35555 von 55555 5555 vata 555 nusum 65·
’ 5555 3555 555555.

. ¹ 5155555555 55555 555555 5555555 555 55555555, 555 555555 55555 &mn
5555555555 555555 555555· m 555 (5555555555 555 euangelii 55555555
,555 555555 &obn 5555555 55555555Ι ιη 5555 5555 55555 555 55555555

.· 555, 5555555 5555555555 555 (5555555555 555555 555 55555 55 555555

555 555555 555 555 555 5555 5555 0555555 555 5555555555555 555
ein 5555555 (aut, 5555 55555555 5555555555 nath! 5555555555555 5555.
555 555 55555 555 9555555 fut 5555555555, 555 55 555555 bu 5555
5555555555 55 (5555 555555 5555555555 &egen 5555 ,55555 5555555 55555
, 555 gamin 55555555 555555, 5555 5555 5555 555555 5555555555 555
5555555555, 555555 5555 5555 555 5555 55555555 5555555555 5555 Gt §nula
555555 5555555555 55555555 555 555 55555 5555 5555 5555555

, . 55555555 555 5555 555 55555555 55555555 555 55555555 munem 5555

55 55 555 55555 555 5555 555 55555555 gut 5555555 555555 'augemus
’ ’55555555 5555 555 5555555 &amn 55555 555555 555555 5555 555555.

, weit 5555 5555 555555, 55555 5555 55555555 55555 55555555, 55
55 5555555 5555555 ’555 5555555555 5555555 5555 555 ,555555 551 55

' 5555555 65555555 5555555 55555555 555 555 5555555555 &muttum
, 555 555 555555 55555 55555555 555555 5555555 5555 55555 555555 ‚m

555555 5555555 555, 5555 55555 5555 5555555555 burt 555 555555

· evangelion, 555 5555555 555555555555 555 555555- 5555555555 nubum
55555 5555555555 5555555555 555 55 tna 55555555 5555555 555 555

5555555555 5555 55555 5555 555 5555555 555 555555 55555555 555 55555

 

