5111 1521.

· Mflfflfflmfflssssflt mmmmm&
11111 11111 110111111111111111111111111111111111111
Rom 1111 1111 1111111 111111111111 11 111111 11 1111 1111
11111111 mn 11111 111 1111 1111 11 1111 1111111 odim 11161·
111. 11111 1111 1111111 111 111 1111111111 1111111111 1111111111
11111 11 11111111 11111 111 mmm 11111111ω1111111
&nannetensium 1111111111 1111111111111
11111111 1111111. 11111 1111111 111 mammem

⁸ 111 11111 1111 1111 11 1111111 1111111111 1111111 11111 11111111

mc 111111 1111111111 11111111 (1111. 11. 111. 1111 11111111
, ὖ. 2. 111 111. 1111111111 1111111111 111 11 11111111
111 1111111111 111 11111111111111111111111111 611111 1111111
111111 11111 1111111. 1111111111111111111 Mam 1111111

, 111 11111111 111111 1111111111 1111111111111 111 1111111111

1111 1111111 1111 11111111 11111111 1111111111111
1111 1111111 1111111 111 zm 11111 1111111 1111111 1111111111
111111 11111111 11111111 1111 111111 11 1111111111111111111111
111111 1111111111 111111 1111 111111 111 1111111 111 11111111
111111 111 11111111 111 11111 111 1111 1111111 11 1111111111
111 1111111111 111 1111111111 1111 11181111 111111 11111111
11 §a 1111111111 · .

11111111 1111111 1111 1111111111 11111111 111 1111111111Ι
11111 111111 11111111 1111111111 11111 1111111 11111111 111111
11 111111 111111 1111111111 111111 1111 11111111111111111111
1111111111111 1111 11111111 11111111 111 1111111111111111

0 1111111111 11111111111111111111111111111111111

111111 11Β111111111 111 0111111111 11111 1111 111111111111111
’ 11111111Ἐ111111(1111111>1111111111111111111111111111
11 111 111111 1111 11111111 1111 11111111 1111 11111 1111111111

· 1111111611111111111111111111111111111.1111111111

111111 111 11111111111111111111 11111111 111 111111 (111111
111111111111111111111111111111111111111111111111111111
11111 1111 111111111111111111 111111 1111111111111111111111
1111111111 1111111 111111111111111111 11111111111111 111
11111111111111 61111111 111 1111111 1111111 81111111 1111 1111111111
1111111 1111111 1111111 1111 11111111 11111111 11111 11111111
111 111111111111111 11111111 1111111111111111 1111 111 11111111

1111111 nod) 111111 1111. M 1111 111 111111 811111111111111
11111 11 1111111111 1111111 111111111111111111111111111111

 

