, 4524. ῃ ,401

tm: 211 8444444444 4414 4444444 4444. 44. 244 444. 2444. 444 444Ι ”
04444444 44444444 1. 444 444 044444 04444 4444 444444 0444444444 404444 44444444 ’

4444440 4444 444 zm 4444444. 04 444ιο 0444 44444444 044 444 tm ιιιι 4444 1

0444444404444444 044 40444440444444 0044444444 4444444444 440444 um 4444440
44444 0444444444 4044444444 4444444 444, 6444 04444044 44 040 4444 444444 444
44444444. 0444444. 11. 440. 44444 an. 444 0044444444. 40. 0444444444
vi 444. 444. 442. 44044444 44444444.. 44444444 0444444444, 0444444444
444 4444 4444444444 4444444444· 044 4444444444 04444444 40 44404 novimum-⁴

04444 444444444444444 644444044444 8444444 4440 &mne
1 64444 044444. 444444 su 6444444 4444444444 Ι4444444444
64444 440 ”atton 44 0444444.

&aab 444 44444 in 044444 444444 4444444444444444 44444. 0444
4444 04444 4444 4444444444 044444 44404444 44444 0. ‘0¹- 0. 44444,
4444 4444444444 44 4444 0444444 444444 44444444 04444444 4444444
0444 4444 044444ἲ 4444 0444444444 44 0. 44. 0. 4444444444ιο 444
44444 4404444444 4444 444 444444 044 0444444444044 0044444444 04444 ’
444 mid) 4444 444444 440 44444 (44. 4494 44. 444. 440. 44444. 4, 44),
ιιι 444 4444404 4444 440 4444 444444 4444444444 04444 440 04444 044
444444ῐί4 4444444444 44444444 440 40444444. 0444444 4440. 0. 0.

444 444444 04444404 0444 44 444 4444444 044 444 4444444444 044444· 2

4444 44 0 444 44044.

zena 404 444 444 04444440 4444444 444 4444 44444444 444 44444· - ,
4444444 ’0444444 444 4444444 444 4444444444. (044 4444 44044444 44

44 444 444444444ιο 044 0444444444) 0444444444 4044 044 &erm 4444 ,

444444 444 444444 444444444 044 4444444 44444444 44ιο 0404404440
4444 44440444 4444444 4444 44444444 044 440 44444 4444444 44444

044 444444 44. 04444444 444 444 404 444 4444444444. 044 0044 ¹ ⁴

4444444444 ’00444444444444 444 4444 4444044444 0444444444 44444
4444444 04404040444444 44 404 444 4440144444 44444444 44ιο 4044444
4444. 4444 44444444 4444440444 440 4444444 4444444, 044444 44444

444444 4444 0444444 4444 0444 444 44444444 04444444 0444 4044444444
0444044 4444 4440444 44444 4444444444 4444444.

044 444 044 c. 44. 0. 440444 444444 ,444 4444 44 44 444 44444 ,
mit 444 4444444444. 4440 4444 ,444 4444444444444444 04444444 044
0444444444 44444 4444 4444444444 44444444 444444 44 4441 4444 44444
0404444444 44444 44444 4444444 04444404 4444444404 44 44404444. ,
444 444444 4444 044444 44ιο 0444444440 4444444 44444 4444444444, ’
44444 0. 0.· 0. 4444 0444444 babes 444 44 ‘finnt‘ 0044440444440444 Ι

444, Π. ¹ Ἰ’44 ,,

 

