1
1 y , ,
’1111111Ι 111· 1111111111111.

²*

· Ι11111111 3111111111

1111111111 1111111111111111111111 111 11 ,

, J 111111 1111111111111.

= 1521.

Ἶῐεαγ 1111111111111111 1111111111 111. ’ ³

11 1. 1111111 11111111111111111.11. 1111 1111111111.
&unius-
1 1. 1.11111111111.111111111111111111111111
. 1111111111.
11. 11 111111 111 1111111 11111111 11 ’111 111 6111111 111
’ 111 1111111111 11. 11 11 1111 111 1111111111 111111
· 1111111111.1111111.111111111111111111.
310. 1111111111 11161111111111 11111111.
11111
11.1.111111111111111111111111111111111111111111
111111 11111111 111 11111 11111111 11111111. 11ι11ι
11111111 111 1111111111 111111.
111111 1111111111 11 11111 111111 111111 61111111 11
1 11111111 1111111111.
²1³¹ 11 111111 11111 11111 111 111111.
11
1 fl 111111111111111111111111 tina 1111111111 1111
. 111 11111111 111 1111111111.
11 11 11 1111111111 1111 1111 111111 1116111111 111111
11111111 11111111111111111 1111111111. -
6111111111 . .
9. 11 11111111111111111111 61111111 111 1111111.

 

