5555. “ 555

555 55 5555555 555555 5555555555, ’5555 555 55555555 5. 5. (5. 55555555
5555 5555555555555 55555555. 555 5555 55555 65555555 555 555555
55555555 555 5555 555555 55555555 55555 55555555 555555 (55555555
555· 555 5555 5555555 555 55555555 5555555555 55555555 555 555 555
5555555 555 5555555555 55555555 555 55555 55555555 5555555 5555
55 5555 8555555 55555555515555 55 555 555555 5555 555555. 5555
55555 5555 55555 5555555555, 555 5555 55 555 55555555 555555 555

555 (55555 5555555555 5555 55555555. 55555 5555555 55555555 555555 ,

55555 5555 55555 55555 5555 5555 555 55555 5555 555 555 55555555
55555555 55555555 55555 5555555 55555555 555 555 555 55 5555 555555555

55555 55555555, 555 555 55 555 55555 555555 55 5555555 55555555, “ 1

55 55555 5555555555 5555555555 5555555555 555555. 5555 55555555
55555 55555555. 555 555 555 6555555555 5555555555 5555 555555 555·
555 5555555 555 5555555555 555 555555. 5555 55555555 55 555 55
555555 555 5555555555 555 55 55555555 5555555555 5555 5555 5555555
5555555555 5555555555 555 5555555 55555 5555555555 55 555555 555
55555 5555555555 555 55 5555 55555 55555555. 55555555 55555 555555 “
5555555555 55555 555555 55555555 555555, 555555 55555 55 555555
555 5555 55555 55555 555555 55 555 55555 5555555555. 555 55555 55
5555 555 55555. 5555555 55555 5555555 555 55555. &oldus ,55 5555 ’
55 551555 5555 5555555555 555 5555555555. 55 555555 Omnia mihi
licent, sed non omnia expediunt. 55555 5555 55 5555555 &odunt

555 55 5555 555 55555 5555 5555 555 5555 555555 555 555 55555555 ’

5555555555 5555 55555 55555555. 555 555 55555555 5555 ’5555555 5555

55555 555555 5555555 555 (5555555 555 5555 55555 55555 55555 551555 ,

55 55 55555 5555. 5 (5. 5555555 555555 5555555 55 55555555

5555 5555 55555 555 555555 5555 555 55555555 5555555 555 5555555 ’

555 55555 5555 5555555555 555 5555 555555 55555555 (5555555 5555· „ ‘
5555· ,5555555555 555 55555 555555 555555 55555 5555555555. 5555 55 ’·
et. 5555 555 mm. 55, 5. 5555555555 5555 5 555. 5. 59 55555555 ⁴

55555 5555. 5. (5. 5555555 5555555. 55555555 55 5555555555 555
’555555 5555 55555555. ¹⁵22.

’ 5. 5. 55. , -
’ 55555555555555

55. 5555555 555555.

 

