2222 ¹ 222
&memb 2222222 222 222222 2222222. 222 222 ’22222 22. 22222 ··

222222 222222 22222222. 22222 222. 222 222222 2222222. 222 222
2222222 22222 22222 22222 22222 2222 2222) 6222222 2222222222 22222
22 222222 222 2222 2222222222· 22 22 22222222. 222 2222222222 2222
22222222 022222, 222 2222222222222 22 222222 22222 2222222 2222
22222 6222222222 22 222222 222 2222222 22222222. (22222 22222 222222222
222 2222222222) 22222222 2222222 222. 22222222 eud) 2222 nient 222222
2222222222 222222 22222 222222 (2222 22 22222 2222222222 222 2222222
2222222 2222 2222) 222 22222 22222222 22222222 222 22222 22222222
2222222 222 22222222. (22 22 2222222 2222 2222. 22222222 2222
m 22222 2222222222 Β222222222 2222222222 2222222221) >wo 222

“⁰³“ θ’ 222 ⁸⁸¹¹ ”¹¹⁸ 222 “With 22 222 22222222222222222 222Ι - ἱ

22222 2222222 2222 2222 22222222 222222 2222 2222222222 222222 222

&mmo wit 22222 2222222222, 222 222) 2222222222 2222222 ’ ¹

2222222222 2222 2222 2222222222 222222 2222 222 22222 22222222 222

22222 22222 2222222 2222 222 222222 22222 222222 22222222222 ’
2222222222 222 22 2222 2222222 22222222. 222 22 22222 2222222222 ·

2222 22222 2222 222222 2222. ⁸
Β22 22222222 22222222 2222222222 222 22222 22222 2222 222,
22222 2222 2222 222222 2222222 2222222 22222 22222 222222 222.

22 2222 22222 22222 2222 222222 22 22222222. 222 2222222222 222· ·

uun 22 2222222222 2222222222 22222222 2222 2222222 22222 222 222222

22222222 22222222 222222 222222 22 2222 222222 22222 2222222 222 .

max 1:¹32:an 22222 2222 22 222222 2222 2222222 222222
m 2222 222222 22222 222 222 222 ’22222 22 22222 22222 (2222 2222222
2822222222 22222 2222 22222 2222222222 222 222 22 22222222 222·

222) ι ²) ιιι 222 222 22222222 2222. ,22222 22 222 2222 222 22222 22222 '

222 222 2222222 222 222 2222222222 2222222222 222 2222222. 222
222 »m 222 222222 (om 2222) 22222. 22222 22222 22222222 222
2222222222 2222 22222 2222222222 2222 2222222222 222222 222
22222222 2222222 222 22222 222222 2222222222 222 62222222 22 “
mgna> 2222 22 22222 222222 2222222222 222222 2222222 222 222 22222 '

222 222222 22222 222 2222 222222 222222 2222222) 2222 2222222 22222- ⁸

122222. 2222 222222 222222 2222222 22. ³) 82 2222 2222222 222· 22·
222222 222 22 2222 22222222 222 222 22222222 22222 222222 222222
,,.......-..-..---

ss 2222 222222221222222222222 22222 22 22222 222 2222222. 2222222222. ,
3) mm: 22222 22222 222222 2222 222 222. 2.

22221. ¹ ‘³0 Ι ·

 

