11 “ 1111. 1. ’

et 111111 1111111111) 1111, 11111 11111111 1111111111111
1111111111 1111 1111 11111111 1111) 1111111 1111111111

ι mormannum 11111111 111 tr 1111111111 111111111
111 1111 11111111 11111 1111 111 111111 11 11111111

Ι 111 111111 111111 1111111) 1111111111 11111) 11 1111111111 11111,
11111 1111 111 11111111 11111111, 111111 111 11111 1111111111·
1111111 1111111111 11 1111111 11111111 111 &ultumum 11
11111 1111111111 1111111111) 111111 1111111. 1111111 (1111 11111-
11111 111 11111 11111111 111111111111111111 11111111111111·
1111111111. 11111 1111.

1 , -α--μ--ι--ι-ι--ι--φ-α-

11111111 111 11111111 1111111 111111111111111111
. (Ι 111111 manin, 11151111111111111111111111,
⁴ 11 111 1111111111 111 1111111111 uno
' ’ 1111111111111.

11 1 11111111 1111111111 811111 1111111 1111111111·
111 111 1111111111.

wie 11111) 11 111111 111 11111 111 13111111 111 1111111 &etot 11
11111111111111111 111 111111111111111111 1111111111 111 11111111
1111111111 1111111111 11 1111111111 1111111 11111111 1111111

, 111111 1111 1111 1111111 11 1111111 1111111111] 111 1111 111 nn·

Ἴ 11111 111 1111 1111111 111 11111111111111111111111 ²) 111 111
111111 1111111 1111111 1111111 111111111111111. 11111 nit 1111,
111111 111111 111 111111 111 1111111111 111 1111111111 111111 111
31111 111 mue 11111 111 11111 111111 111 11111 11111 111 11 1111
11111 1111111111 111111111111111111 Θ111111111111111
1111111111 111 11111 1111111111 1111111111 1111 1111 111 111111 111·
1111 111111111111 ³)

, υ.1.11)1111111111111111111111 111 1111111111111111111
11111111 1111111 111 11111 111111 11111111 111 1111111111.

111 1111 1111111111 11 1111 1111111111 111 1111111111 111 1111·
1111 111 1111111111 1111111111 111111111111 1111111 11111111 111

w

111111111111111111.1111111111μ-11111111111111111111111111.
3) w 11111 11111111. ’
Χ

 

