..111 J 1111.

111 1111 11111 111111 11111111 111111 1111 111111 1111111111111
Ι 1111111 11 1111111 111111111111111. ·

111111 1111. 1. 1 111111111111111111111111111111
’ 11. 11. 1111111 11111111 11111111111111111 111 1111111111 111111
· , s 1111111111111111111111. 1111111111111111111611111111
1. 11. 1. 11. 61111111111111. ’1111 11111111 1111 1111111111. “
11111 1111111111 11111 111 111111 11111111 1111111. 111111 11111 1111111111
11111111 1. 1. 11. (11111111 1111 11111 1111111111 1111111 111 11111
, Ι11111111111111111111111 1111 11111 111111 1111111111111111111111
1111111 1111111111 11111111 1111111111 1111 1111 1111111111 1111111
11111 81111111. 11111111 1111 111 1111111111 1111111111 11111 111111
1111111111 11111111. 11111111 111 1111 11 11111 1111. 11. 1. 11. 111
1111 1111111111111111111111111111111 11111111111111111.1.11
11111111 111111 1111111111 111 11111 11111111 1111111111 11111111.
, 1111111111111. 1ζ1111111111111111111 111111 1111111111
“ 111111111111111111111111111111111111111111111111111
11111 1111111111111111111111111111.1.1 1 1111111111111111
11111111111111111 1111111 1111111111111111111 1111111111 1111
1111111111.1.11.11111111111111111111111111. 1111111111
111111111111111111111111111111111111111111 (1.111
,’ 11111111.1111111111.11.1.(1.1111111111111111111111111111111111
11111111111111111111111111111111111111 11111 111111. 1. 11
’ ’ 1111111111 111111111111111111 1111111111 111111 1111 1111 1111111
1111 1111111111 111 1111111. 1111111111 11111 111 111111 11111. 11. 1.
’ (1. 1111111 1111111. 1. 1. 1111 1111 11111111111111 111 1111111111
111111111111111111. 111 111 1111111111 111 1. 1. 1. 1. 1111111
1111111 11111111111 111 1011111111 1111111 1111111111 1111111111- 11111
” 1111 11111111. 1111. 1111111 1111111111 1. 1. 1. 1111111111 11111 1111
11111 1111111 11111 111111 1111 1111 11111111 1111111111111111111
, 1111 11 111111 11111111 1111 111111111111 111111 1111111111 1111111111 111
, 1111111111 1111111111 111 (11111111 1111 mid) 111111 11111111111111.
11111 111111111111111111111111111111111 1111111111 11111 111111
1111111 111 1111111111 11111 11111111111111111111111111111
8111 11111111 111 11111111 111 1111111111 11111111111111 (11.1.
(1.111111111111111111111111 111111 1111111 1111111111111111111
111111111111111111111111111111111111111111. 11111111 1. 1111.
111111111111111111111 111 1111111111111111111111111 1111111111
11 1111 11111111 11111 1111111111 1111 1111 1111111111 11 111111.
11111111111111111 1111111111. 111 1111111 11 1111111 111111111
1. 1. 11. 1. 11111111 1111 111 11111111111111111 1111, 1. 1·
Ι .

 

