1411. ’ ’· 111, ·
14411111411111114411111111141111 1144111114111111 41111111

11114 44414 1114 4414114 144 44111111 411 4141114 44114141 41141411 114141 . ”

1111 4414114141 411414144111 41411444 4111 (44111 41141111 411111 43141·
41141111 41111 er 41 4411 41444 1141111 4411 444111 41 111411 (4411. -’

4414114111 1414411111 ,441 11 4141 414114 41144141111 4411 44 4444 ’

144111 444 11 44111 114144 11411141 441 441 411 41441111 414 4144 11444
4114141 4114444111 614141411111414 1411411111 4411 11114114111111114
411114141111 41411 44141 111141 11114111 11141 4114411114411 411111.Ιλ
11444 4141114 4441441441 44 444 44414414 414 31114 41141 11114 111111 1441111
14414411 4441 441414114144111111411414 14411 41411 481414 4141111111 „ ¹
4414 41 444141144111111141144411 11114 4114414141 11144 4114 14 411111.
54114 44 4114111 414 4111 441114 4111 4411111 411144 414114 11441411 4414
1141114111 1114 1411144111 4441 414 11 411444 4141 1441 4114411111 4414

41111114 11414114 1444411 41411 141111 4411141411114444111144411141 im· 1

11111 1114 44411111 1444414111 411111 41 41414114 41444441 4144411111 414111
444141 1144 4111141 11414141 414414144444114 4114141 4141111 4411
4414 &alez 4111114 411 11, 4114411111 11114 44 4444411 4141111111 11114
4411 11114 114141 41111 41111114 4141111 44111 1111441141 114141 411411. “
6414114414 441111 4414 414111 144 4414111114 414 4111111111 4141111114

4441141141 4114144111 41114411 144141 4141441111 11114 4114111 141414 '

11114 4411111461141 44114 (41444441 41 414 411111 4411111 1111141411
4114 41111114 4111114141 411 4414411 4111 44111111 44411141 411414
44111111 4411 4444111 41111114(

41141 111 11411 1141111 111 1111111111 11 14111 111. 141 1111 41114
4141144411 4111 41111 414114144141111411 414111 411 14 4111641 4411111 .
414 14114411 41411111 41 11 1141414114 14 4114 4411111 414 4114441111
411111 1111111411 11114 114 1411 4111414 4411 4411111 441111 141411441411 .

4411111 44 4141414414 4141441414 4114 4114114111 1414 44 41444114 “ ·

4444 44114141 11114 4411111411 4144111 444111144444441111 4411111111 444
41111 41 4444114 4141 14144 44144111 4441114. 51 39. 4ο. 41. 4414114414.
11114 44111 11414141 man 4444 41111 4444111 114141 1444114141111 11114 4144.
444141 414111 1114141111 411 1411 44144 41111 1114 4111 44111114 411111 ,
1111144111 4141111 111141114441111114 4414144114 4141111. 4444111141
1444 41411111 414 141 444114 4444 11114 11444444141111 41111114141411141111
11114 1141111111 141411 4411 444411111111441411 14441111441414 4414114
41141411.

44111114 1111144141 41411 1411111 11411 44141 61114 4114111 44144111 ,
41141411 44 44 441 41111 444114 4144 41141411. 411111 1411 11141111·
441141 41141111 4411141444 4141141 1414411411141 4141441114114114
(4114141111 41444111 14 11141 11114 41441 44111 44114411 1111 14 144411

W. Π. 3³

 

