’ . 3333. .. ’.333

3333333333· 333 333 333333 333 333333 33333 33 333 333 333 3333· “

hum batt 3333 3333 3333333333 3333 33 333 3333 333 333333 .
33333333 3333 33333333 333 333 3333 333333 333333 33333 33333 333
83333 333 33333 33333333 3333333 33 333333 33333 33333.

’3333 333 3333333 333333 3333 33333 33333 3333333 333 33333333
93333 333 3333333 3333333333 3333333333 333 33 3333333333 3333
33333333 33333 3333 3333333 3333 3333 3333 333333 333 3333 33333333

3333 333 33333 3333333333 333333333 333333 3333333333333 333333 ·. ’ ·

3333 3333333333Ι 333 (31333333 33 333 33333 333 33333 333 33333 3333333
3333 333333 33 33333333 333 333 333 33333 333 333 8333 333 3333 33333
33333333 333333 3333 333 33333 3333333 33333333 3333 333 3333333333 .
333333 333333 333 333 3333 33333 3333333333 3333 333 33333 333 333

mam 33 3333 3333333333 333333 3333333333 33333333 333 3333333333 ’

33333 (33333. 333 6. 33. 33, 33. 35. 33. 3333 3333 3333 &em ”
3333 33333333333 3333 333333336333333 333333 333333 333
3333 33 333 33333 3333. 3333 33333333 33333 3333333 333 un·
3333 3333333333 33333333 333333 333 333 33333333333333 33333333
333333 33333333 33333 33333 333333 83333333 33333333, 333 3333
¹ 3333333333333333333 333333 33333333 33333. „

33333 3333333333 33333333 33333333 3333 333333 zac! 333 33333333
3333333 33333333 333333 3333333. 33333 333 333 333 333133 33333333

33333 33333 3333333333 333 333333 3333 333 33333333 33 33333 ’

333 33333333 33333. 333 3333 33333 3333333 03333333 333» 333333
33333333 3333 3333333 33333 333 93333 3333333 333333 333
women 333333 33333333 3333 33333333 (nim. 33 3. 3.)
,33333 33 3333333 3333 33333 333333 3333 333 3333333333 &uid 333
35333333 3333333 3333333 33 333 33333333 333333 33333 33333 333
3333333 33 333 3333333333 333 3333333333 33 3333333 3333333.

3333 33333 Ι333333 3333333333 3333 33333333 33333 3333333333 333
333 3333 33 3333 33333333 333 3333333 3333333 333 3333 33333333
33 333 333333 33333 33333 333 3333333 333 33333333 (33 333 33333
333 6333333333 333 3333 333 33333 333333 333 33333333 3333 333
333333 (33333. 33 3.) 333 33333 3333333 3333333333 3333333333 633333
333 33333333333333333333 3333 3333333333 3333333333 33 333 3333
333333 3333333 3333 3333 33333333 3333333 333 3333333 3333333333
33333 3333 3333333333 333 33333333333. 33333333 33 33333 33333 333·
3333333 3333333333 3333 333 33 33 33333333 333 333333 33333333
3333 333 3333 3333 333333 33 3333 weit 3333333 33 3333 33333· 333
. 33333 33333 3333333 3333 333 33333333 33333333 3333333333 3333 333 ,

 

