555 ’· f 5555. s

· 65555555 5555 555 55155555 555 55555555 555 55555 555555 5555

[5555555 555 5555555 555 555 55555555 55555555555155555555555

¹ ι 555555555555555555555555 55555 5555 5555555 555. 55555555

55 555 55555 5555555 55555 5555555 55555 55 555 5555555555 &Man
ιιιιιι 555 55555555 555 555 55555555 5555555555 55555555 55555 M
5555555555 555 55555555 555555 5555555 555555 5555 5555555555 5555 555

= (5555555 5555 5555555555 5555555. 555555 55 55 055555 m 555

metr. 55oe 5555 55 5555555 5555 55555 555 5555 5555 ΙΙ5555555 555555

2 55:55 5555555555 55555 55555555 555 55555 55555 55555 5555 555

· 55555 555555 55555555 5555 5555555555 55555 55555 5ιι reim 555.
Ι5555555555555 5555 55555 5555 555 55555555 5555555555, 555 55 5555
555 5555555555 5555555 555 55555555 55555 5555555 5555555555 55 55
5555555 555 55555555 55555 5555555 55555 555 55555 5555555 555555.

55555 55555 5555 55 5555 555555 555555 55555 5555555555 555
55555555 55 5555555555 5555555555 555 55555 5555555 55555555
555 5555555 55 555 555 5555555555 55 55 55555 5555555 555555·
555555. 55555 5555555 5555555555 555555 555 55 55 555555 555
’ 55555 555. 555555 5555 5555 555555 555 5555555555 55 5555 555
’ ’ 5555555555 55555555 5555 5555555555, 5555555 555 5555555555 55555555
5555 5555 555 55 5555555555 55 55555 555 555555 555 5555 mewa
5555 555 55555 555555 5555 555 555 5555 55 555 5555555 5555555, 55
5555 555 55555555 55555 5555.

,5555555 555555 55555555 555 5555555 5555 55555 55555 5555555

, , “ 555555 655555 5555 ’555 55 (555555 55555 555 55555555 5555 55 55555

5555 55555 55555555, 55555555 555 5555555555 555555 555 555 5555 555
, 5555555555. 55 55555555 555 5555, 5555555 55 5555555, 555 55 555
55555555 5555 5555 555555ιί5555 555 5555555 5555555, 555 555555 555·
55555 55555555 555 5555555555. 55555555 5555 555555 0555555 5555555
555555 55555 555 5555555 555555 5555555555 55555. 55555 5555555555
55 ’55555 555555 555 55555 555 55555555 555 55555 5555555 5555555 555·
5555 55555 55555 5555555 55551555.

, . 5555 555555 55555 55555 5555555 (5555 555 (5555555555 8555555

555, 5555555 55555555 55 5555, 555 5555 555 555555 5555 55555 555555
555 (555555 555555 555555 5555 555. 55. 55555. 5555 55 555, 555
ιιιιιι 555, 5555 55555555 555 5555555555 555 655555, 555 55, 555

⁴ 55555 555 5555555 555 555 55555 55555555 555 5555555555 555555 555

555 555 555 5555 5555 05555 05555555 555 55 55555 555 ῦ5555555

5555 555 55555 5555555 5555 555555 555 055555 555555 55 55 55555555,
, 555 555555 55555555 555 555 5555555 55555555 555 55555555.

 

