. '76⁷¹ 1111.-

' 11111111111116,11.,1111111111111111111111111111111,11 11
1111111111 1111111111 11111111, 111 11111 11111 1111111111 11111111. 11111111

“ 1111111 11111 11111111 1111111 11111111111111 a 1111 111111111111111

11111 1111111111.

D 16 11111111 11111 1111111111 11111 1111111, 11111 11111
111111 11111111 1111111111111111.

71111 1111111 11111 1111111111 1111111111 111111, 11 11 11111111
11111 11111111 11111 11 1111111 111111 1111111111, 111111111111111
¹ 1111111, 11111111 11111111111111111111) 111111 111111. 1111111 111
1111111111111 111, 111111 11111111 111111 111111 11111111 1111, 111
11111111 1111111111 1111111 111 11111 11111111 1111 1111111111 1111, 111
¹ 111111111111111 1111111111 11.

x 11111 111111 1111,1111 11111 111 (111111111111111111111 1111111111
1111111111 1111 111111 6111111, 111 1111 11 111111 11111 11 111111

' 61111111, 11 11111 11111111 1111111111, 11111 1111111 11111 111111 111111
111 111 1111111111111111111 11111 11 11111 1111111111, 111111 11111111
1111 1111 111 (1111111111 1111111 11111111111111111111111111111 11111
11111111 111111111111111 1111111111 1111111111, 1111 11111111

⁸ 1111 111111 1111 11111111 1111111 11111 1111 111111, 11111
-11111 11111 1111111111.

1111 1111 11 1111111 111 (1111111111, 111 11111 111, 111 1111 111
11111 111 1111 1111111 1111111111 ,111111 111 1111111 11111111111111 111 1111
1111111111, 11111 111 111111, 1111 11 11111· 1111 1111161. 111111
Ι1111111111. 1,71 1111111111111111111111Θ1111. ,111111
11 11111δ11111111111111. 11111111 551131 111111111111
1111111111 1111 11111, 1111 1111111 1111111111 1111111111
11111 1111111111, 1111 111111111111111111111111 11111·
11111, 11111111. ·

Ι1111111111 (1111111111 1111111111, 11111 111111111111111
11111111 1111111111 11111111 111 1111111111 11111 11111111
. 111111 (1111111111 11111111 111111111111.

ll. 111111 1111111111, 111 11111 111111 1111111111, 11 11 111 1111111111.
1111111 11111 111 1111111 1111, 1111111 111111 11 11111111, 1111 111 Gt·

. Μ

ι 11 11111111 11111 1111111 111 111 1111111111).
2111. 11111 1111 1111111111.

 

