777 “ ⁷ 7777

· 7777 77777777777777777. 7777. 7.) m 7777 777 7777777777

7777777 7777777 77 777777 7777 7777777 777 77 7777 un 67777
777777 7777777 777777 (7 M 9 ⁸ )

77 777 7777777 77777777, 777 77777777 77 777777. 7777 7777777
77777 77 77 77777 777777 777777 7777 77777777 777 7777 7777777
7777717777. 777 777 777 77777777 6777777777, 777 77777777
7777777777 7777777 777 777777 77777 77 7777777777 7777777777, 777
7777 777 7777 77777 7777777 77777 777 777777 777 77 777 7777777.
(577777 77777 7777 777 777777 7777777 77 7777 77 777 7777 7777
77777 7777 (77777. 777 st). 677 777777 7777 77777 777 7777 2

,67777777 777777 77777 777 77777777 7777 6777777 7777777777 (777177. ¹
7, 77). 777 7777 777 7777777777 777 7777777 7777 777777 77777777
7777777 7777 7777 777777 7777777777 7777777777 (7 mn.)

'M 77777 77777 777 77777 677777 7777 77 77777 77777 777777 777
· 7777 7777 7777777777 7777 777 077777 07777 7777 7777777 7777 7777777
777 777 7777 7777777 77777 7777777 777 7777777 7777777 77777
77777 7777 7777777777 77777 77777777 777 777 777777 777 77777
· 77777 777777 77777. G· 77777 77 77777 777 7777 77 7777777777
777 77777 777 7777777 77 77777 77777 77777 777 777777 777777 77777

’ 7777 77777 777777. 77777777 77777 77777777 7777 7777 7777777 77

7777777 7777 77777 777 7777 77777 7777 7777777777 777 777 77·
777777 7777777 777 77 777 77777777 77 777 77777 ’777 777777 7777777
777777 7777777777 67777777 777 7777 7777777, 777 7777777777 ³
0777777777 777 mannum 777777 77777777. 77777 777 77777 7777 7777

777777 7777 77777 7777777 777777. 7777 77777 7777 7777777777

7777 7777 777777 777 77 77777 777717 777777 67777777777777 777777
7777777 777 77777777 777777 777 7777777777 777 77 7777777777 7777.

777777 7777777777 777777 77777777 7777777777 gomanum.
777777, 7777777777 7777777 77777777 7777777777, 77777777 777777·

’ . 777, 777777 77777 cantu. 77 777777 7777 7777777777 77777777

777 7777 777 7777777. 7777777 (77777 777 7777 aa, 7777, am

7777777777, 777 77777777 tna 777 77777777 7) Anno 77777777.

W ¹

,7) mla: 7777777777.

 

