1111. ’ 11
’ 11. 6111111111. 1111111

1111111111111111111111. 111111111111111
· κ11111111111111111111.

2 111111 μ1111111 111 1111111111 11111111111111 11111111111111 111111

111 1111111111 111111 11111 111 111 11111111 111111 111111 1111111111 111

11111111 11111111 3111111111 1111111111 11111 1111111111111111111 111
11111111 111 11111111 111 1111111 111111111111.

1111111111 111111111111111 11111111111111111 1111111111
, 111111111111111111) 1111111111.11111111.1111.1.111111111111111

1111111111 11111 11111111, 1Χ 11111115111111111. 1111111 ,

1111 111111111111 {numm ¹87⁰

Dent 1111111111 111 1111111111 6111 61111111 111 111· ·
11111111 6111 bansta 111 boma 11181111111111
611111111111111 1111111111 61111111311111111 11111
111111 11111111 11111111 111 1111 1111 111 31111 111111.

11111111, 11111 11111111 11111111.

,11 111111 111111 111 11111111 111 1111111 1111111111 11111111
1111 11 1111111111 1111111 11111111, 111 111) 111 111111 111 1111
111111. 1111111 id) 11 11111111 1111 1111111111 11 11 11111111
11111 1111 111 1111 anua 1111111111 11111111 11111 11 11111111
11111111 1111 1111111111 1111111111111111111111111 11 1111111 1111111 “

181111 1111111111) 111111 11111111 111 111 eust 11111 mugen 111 x ’·

11111111111111111111 111111 1111111 11111111 1111111 moro
11111111, 1111 11111111 1111 1111111 11 11111 1111 1111111 11111 111·
111111 111 11111111111111 11111111, 111 111111.

11111 111111 11111 111 11111111 11 11 11111111111111111 su
ananim 111111 fic 1111 11111111111111111 11111111111111111111·
1111111111111111111111 111 1111111 111111 1111111111 111111111111 -
1111111 11 1111111111 11111111 111 11111 1111111 11111111 1111 111111
1111111111 1111111111 111111 11111 11111111 11111 11111111 111111 11111
1111111111 1111111 11 1111 111111111111111111111111 111111 111
1111111111111111111111111111111111111111111111 1111
1111 1111 1111 1111111 111 11111111 111111 11111 1111111111 1111 .
1111111111111111111111 1111111111 11111 1111111111, 11 111
111111111111111 111111. 1111 1111, 111 11111 1111111, 11 1111111 1111·
11111 111 11 11111 11111111 111 111111111111111111111111111111

 

