¹. 1525. ’ ι639

6111111 11111111 1151125 1111 11111111 11111 11111111 1111
111111111111111111111111111111 11111111 111 1111111111 511111 1111
511111111111111111 111111 111111111111111 5111111111111111111
111111 111 1111111111 11111111 111. 15111111 111 1111111111 11 1111 111
1111111115.11.5.11111 111111 1111111111 1111111 1111 1111 11111
1111111. 1111111111 11111111111 11) 11111 1111111511. 5. 111111·

11111 11111111 1111 51111111 1111111111 111 51 111111 111 1111 11111 ,
1111 111111111111111. 511511111111111111115111111111111111 ,

1111111.Ι 51111111 11111111111 11111 ; 5111 11111 111 11111111· 111
11111 5. 11. 5. 1111111111

&a 111 11111 1111 11111111 1111 1111111111 111 111111511111 11111
111 111 11111111 11111111) 111 51111 11111111 111 11111111 111111 11·
11111111 111 1111 111111 1111 111 51111111111111111111111111111
11111 1111111. 1111 11111111 1111111 11111 1111111 111 1111111111 1
111 1111111111 111 51111 1111111111 111 1111111111 111111 11111111
11111 1111111111 51111111 11 511. 5. 111111 1111 1111111 111 1111111111
6111111111 11111111 111 11111 51111111 1111111 1111 5111111111
11111111. 1111 1111 1111 1111 111611111111111 1811111 1111111111
1111 1111111111 111 5111111111 11 1111111111111111111111 11111111
51111111 111 1111111111 11111111 1111111111111. 11111 51111111
111111111111111 11111111 1111111111 1111 111 1111111511111111

5111111111 111111111115111111111111 1111111111 111 1115111 , , Δ

111111 11111 1111.

11111111 111 11111111 11111 111111 51 11 11 1111111111 111
1111 11111111 11111 111111111 111 111 111111111 111 111 111111 111
51111 1111111 111111111111111111 111 1111111 1111111111 1111111· ² .
1111111111111 1111111111111111111111111111111111. 11111111 .

1111111111,111111111111111111111 1111111111 1111111111 111 , =
8111111111511111111111. 111111 1111111 1111111111111111111 .

1111 51111 11111111 11111111 111111 11111 5111511111111 11111111
111111111111111111111111111 111111 111 1111 11111111 1111111 111·
1111111111 111 111111 11111 1111 5111111 111 11111 1111111 1111.

1111111 1111 11111111111111111111 111111 11111 11111 1111111 111111
1111111111 1111111 1111111 51111111 1111111 1111 111 1111111111 1111
111111111511111111 1111 11 1111 11111111 1511111111 11111 5111111111
1111111111 111111111 111 11 1111111111 11111111 1111111111 1111
111 11111 1111111111 1111111111 11 1111 11111 11111111 111 11111111 ’

11111111 11111111 1111111111 11 111111 1111111 11111111 111. 1111111
111 511 1111111111 111 11111111 1111 11111 111 11111 11111111 111 1111

 

