” 111. “ 11111 .

1111111 1111111111 111 1111111111 6111111 111111111111 111.
1111 11 1111111111111111 11 11111111 111 111111 1111 1111111111
y 1111111111111111111111111111111111 1111111111111111111

· 1111 11111111 1111111111111111 1111111111111111111111111
1111111111111111111111111111111111111111111 11111111 111

111111.
61 111111111111111111111111111111111111111111111 1111 11111

’ · 111111111111111111111111ῢ.11111111111111111 11111111 1111

1111. 11111 1111 1111 1111 111111111111111111111116111111111
11111111 11111 1111111111 111 11111111111111111111111111111111

‘ 111111 111111 111111111111111 1111111 11111. 1111111111111 1111

1111 1111111111 11111 ὅ 1111111111 1111111 1111 1111 11111111
’ 1111 111 111111 1111 11111111 11111 1111111 11 11111111 1111111111·
³ 111111111111111111111111111111111111111111111111111

11 1111111111111111111 1111 11111 1111111 111 11111 11111111
111 1111 1111 111 1111111111 111 11 1111111111 111111111111111

¹ 111111.

11111 111111 1111 1111 11111111 1111 11111111 1111111111
1111111 11 1111 11111111 1111111111 1111. 1111111 11111 1111111
11111111 111 11111111111111111111111111111111111 1111 11111111
1111111111 111111 1111 1111111111 1111111 1111111111 11111 1111111
= 1111111111111111111111111111111. 1111111111111111111111111
111111111 111 111 1111111 1111 111-1111111 1111 11111111 1111.
11111 1111 111 111111 11111 111 111 (11111111 1111 11 1111111111
111111 11111 111 111 11111 1111 111 111 11111 1111111111 11111111
1111111 111 111111111 1111 111111 11111111111111111111111111
11 11111 1111111 1111 1111 11 11111 1111111111111. ’,

11111 11111111 11111 1111111 111111111111111111111 11111
1111111111 1111111 111 111 1111 11111111111111111111111111111
. 1111111111111111111111111111111111111111111111111111. 1111
1111111111 1111 11111 111 11111 111 1111111 11 111111111111111111·
“ 11111 (11111 11111111 11111 111111111111111181111 11 111 1111
111111111111111111 1111111111 11111 111111. ’11111 1111 1111111
’111111 111111111111 111111 1111111111 1111111 1111 1111111·

¹ 111111111111111111 1 11111 1111111111 111111 11 1111111111 111

1111111111 1111111111 111111111111111111 1111111111 11111111
111 111 1111111111 1111 1111111 111111 11 111111 111111 1111111

· 11 1111 1111111111 111111 11 1111 111 11111 11 11111111 111111

1111 11111 111111 11 1111111111 111 1111111111 111111111111111

 

