7777. Ἰ 579 ’ ·
777777 7777 77 7777 6777777 77 777777 777777 777 777 7777 777777 777
7777 777 7777 67777777 777 7777777 7777777777 777777 77 7777 77777777

7777777777 777777 77777777 677777 7777777 77777 777 77 77777777 7777777
7777777777 777 77 7777 7777 77777777 77 77 777 &tant 7777770 77777777.
7777777777 777 7777 777777 77777 7777777777 7777777Ι 777 7777777777 77777 7777·
77777777. 777777 777 (zm 7777777 777777 777 7777 77777 777 77777 777
6777777777 777. 77777777 77777 7777 7777777777 777777 77 77777 7777 777777 j
= 7777777777 77777 7777 7777 777 77777 777 77777777 7777 7777777777.

- 77777777, 7777777 7777777777 777 777777 777 777 77 77777 7777777 77777
777777 77777 77 7777 777 77777777 7777777777 7777 777 7777777777 7777 777777·
7777. 77777 777777 777777 777 7777777 7777777 7777 7777777777 777 77777 7777
77777 7777777777 7777 77777777 7777 7777 7777 777777 7777777777 7777 777777
77777 777777 777 7777777777 777777 77777777777 777 7777 77777777 777
7777777 77777 777777 8777777777 7777777 777777 777777. 77777 7777777777 7777
7777 7777777 777777 777777 7777 777777 (77777777777 (77777777 77777·
7777 77777777 7977777777 7777777777 777777 07777777 7777777777777 7777
’7777777777 7777 77777 77777 7777 77777 Ι777 7777777 77777777 777 777 ’
77777777 7777777777 7777777 77777777777777677777 707 7777777777 ’
7777 777777 6777777777 77777 7777777 77 7777777777 77777777 777777 777
67777777 77777 77777777. 77 777 7777 7777777 77777 77777777 77 77777 777
77 777 777 777777 7777777777 7777777 777 7777777 7777 777777 777777 77777777
7777 77777 777 7777 7777777· 7777777777 ’7777777 777 77777777 7777 777

77777 77777 77777 777777777777 7777777 7777777 7777777 7777 78777777 .
777 77 7777 77777 7777777 777 77777777 77777777 7777 77777777 707 6777·Ι
7777777, 77777777 77777 7777 77777777 7777777 7777 777 77777 7777777 7777

 

' 67777777 777 7777777777 7777 7777777 777 77777777 &md 777 777777 7777 ’ 1

777777 77 77777777 77777777 777777 7777 7777777777 77 7777 ’67777777
(7777777 7777 7777 73777707 7777 (7 777. 77 70.) (777777 777777 777777·
777777 0777777777777 7777777777 7777777777 7777 77777,
777777 77777777 7777777777 77777 7777777777 7777 7777777777 777777777777 ⁴
77777777 7777777 777 7777777 77777 7777 77777 7777777777 &titum 7777
,77777777 77777 777 7777777777 78777777777777 77777777 7777777777·
ι77777 7777777777 707777 77777 777777 7777 7777777777 7777777777
7777777 77777 7777777 7777777 77777 77777777777777 7777777777 7777 777 77777
7777 7777777777 7777 77777 777777 777777 077 77777777 77777777 777·

7 77.
επΒ777777 7777777 77777777 777 7777 om 777 777777 7777 77777 777
7777777777 777777 7777777 7777 777777 7777777777 77777777777777 -

 

